4.7814e-06 0
4.7817e-06 3
4.78199e-06 28
4.78228e-06 177
4.78257e-06 585
4.78287e-06 1640
4.78316e-06 2936
4.78345e-06 4315
4.78374e-06 4912
4.78404e-06 5885
4.78433e-06 7418
4.78462e-06 8925
4.78491e-06 11663
4.78521e-06 14347
4.7855e-06 15993
4.78579e-06 15292
4.78609e-06 14007
4.78638e-06 12032
4.78667e-06 10626
4.78696e-06 9023
4.78726e-06 7525
4.78755e-06 5809
4.78784e-06 4241
4.78813e-06 2585
4.78843e-06 1255
4.78872e-06 550
4.78901e-06 244
4.7893e-06 114
4.7896e-06 29
4.78989e-06 1
4.79018e-06 0
4.79047e-06 0
4.79077e-06 0
4.79106e-06 0
4.79135e-06 0
4.79164e-06 0
4.79194e-06 0
4.79223e-06 0
4.79252e-06 0
4.79282e-06 0
4.79311e-06 0
4.7934e-06 0
4.79369e-06 0
4.79399e-06 0
4.79428e-06 0
4.79457e-06 0
4.79486e-06 0
4.79516e-06 0
4.79545e-06 0
4.79574e-06 0
4.79603e-06 0
4.79633e-06 0
4.79662e-06 0
4.79691e-06 0
4.7972e-06 0
4.7975e-06 0
4.79779e-06 0
4.79808e-06 0
4.79837e-06 0
4.79867e-06 0
4.79896e-06 2
4.79925e-06 6
4.79955e-06 35
4.79984e-06 212
4.80013e-06 717
4.80042e-06 1730
4.80072e-06 3247
4.80101e-06 4546
4.8013e-06 5118
4.80159e-06 6045
4.80189e-06 7589
4.80218e-06 9444
4.80247e-06 12114
4.80276e-06 14546
4.80306e-06 15586
4.80335e-06 15100
4.80364e-06 13476
4.80393e-06 11763
4.80423e-06 10315
4.80452e-06 9036
4.80481e-06 7272
4.8051e-06 5720
4.8054e-06 4009
4.80569e-06 2355
4.80598e-06 1098
4.80628e-06 481
4.80657e-06 221
4.80686e-06 87
4.80715e-06 19
4.80745e-06 0
4.80774e-06 0
4.80803e-06 0
4.80832e-06 0
4.80862e-06 0
4.80891e-06 0
4.8092e-06 0
4.80949e-06 0
4.80979e-06 0
4.81008e-06 0
4.81037e-06 0
4.81066e-06 0
4.81096e-06 0
4.81125e-06 0
4.81154e-06 0
4.81183e-06 0
4.81213e-06 0
4.81242e-06 0
4.81271e-06 0
4.81301e-06 0
4.8133e-06 0
4.81359e-06 0
4.81388e-06 0
4.81418e-06 0
4.81447e-06 0
4.81476e-06 0
4.81505e-06 0
4.81535e-06 0
4.81564e-06 0
4.81593e-06 0
4.81622e-06 0
4.81652e-06 3
4.81681e-06 10
4.8171e-06 108
4.81739e-06 354
4.81769e-06 1000
4.81798e-06 2294
4.81827e-06 3741
4.81857e-06 4779
4.81886e-06 5442
4.81915e-06 6808
4.81944e-06 7938
4.81974e-06 10287
4.82003e-06 13104
4.82032e-06 15277
4.82061e-06 15468
4.82091e-06 14327
4.8212e-06 12678
4.82149e-06 11452
4.82178e-06 9942
4.82208e-06 8226
4.82237e-06 6796
4.82266e-06 5099
4.82295e-06 3349
4.82325e-06 1977
4.82354e-06 859
4.82383e-06 357
4.82412e-06 186
4.82442e-06 55
4.82471e-06 8
4.825e-06 0
